# This file contains rows of three floating point values. 
# Each row represents a colour by its red, green, blue coordinates.
# The first uncommented line is the number of colours.
#######################################
0.9664535356921388 0.4407325991753527 0.007491470058587191
0.9109759624491242 0.939268997363764 0.5822275730589491
0.6715634814879851 0.08393822683708396 0.7664809327917963
0.23680977536311776 0.030814021726609964 0.7887727172362835
0.3460889655971231 0.6232814750391685 0.6158156951036152
0.14855463870828756 0.18309064740993164 0.11441296968868764
0.014618780486909122 0.48675154060475834 0.9649015609162157
0.06456228097718608 0.5410881855511303 0.46589855900830957
0.6014634495610515 0.08892882999066232 0.5790026861873665
0.26958550381944824 0.5564325605562156 0.6446342341782827
0.48103637136651844 0.35523914744298335 0.249152121361209
0.9335154980423467 0.45338801947649354 0.5301612069115903
0.019299566309716853 0.5081019257797922 0.005780237417743139
0.14376842759559538 0.47282692534740633 0.3773474407725964
0.05417519864614284 0.5875285081310694 0.1640032237419612
0.5573302374414681 0.1442457216019083 0.9373070846962247
0.7709799715197749 0.9569331223494054 0.14122776441649953
0.3053927082876986 0.03958962422796164 0.27678369479169207
0.8065125051156038 0.177343035278254 0.15457051471078964
0.9547186557023949 0.154551400089043 0.8338892941512318
0.04106280627180747 0.38618352833582825 0.3495923019636925
0.3417077927504538 0.8164630567142304 0.47593490813172823
0.7828902895224036 0.4708401253088451 0.8173440068581418
0.8815675986556064 0.43959639767963965 0.781063597792481
0.8147411602576974 0.29567891564250737 0.12387667430690597
0.18562186074498854 0.4360597935994146 0.11946740701121195
0.5297991417578831 0.8294211614174424 0.48520115298643485
0.817734001701804 0.6563916225394183 0.6410430311516905
0.3453489252042602 0.7026589490483248 0.8099405837312028
0.15716958478401755 0.9079906191155508 0.26933036723681814
0.15484649574701626 0.8404791651944925 0.7201279798410062
0.7935623957737522 0.4466706642559476 0.07077388523885675
0.3952430502634495 0.04773529540398547 0.28613350393922754
0.037994595016476396 0.5067148419441442 0.08766779894229271
0.9328256468398046 0.6993872895717961 0.31698602665681064
0.9450510700109166 0.06622760433688513 0.2574288908876978
0.07299964643145462 0.4263042580299481 0.2018967725432862
0.39664663519413834 0.7048599115494352 0.8873533417252499
0.5005177947605222 0.8185315489586601 0.3612545127497995
0.8586861730000401 0.5150341755872584 0.7024154768971624
0.1746899184029187 0.5845118105654407 0.3017770577990323
0.8128513943589164 0.534340747841153 0.4995873041932324
0.7733252044833073 0.5490306725534498 0.3337580124939149
0.1309328604345955 0.6245059904834612 0.9253462191293278
0.8423388566528607 0.06974978531747122 0.3252852050291277
0.0017063741999860937 0.674697198426907 0.6382801166744566
0.7579087748535257 0.14827392932422656 0.2170336920016357
0.43277237855971706 0.7367248559326753 0.2071190027274683
0.822836925645994 0.38120108795455365 0.874285779261748
0.960024664402363 0.5374877201903263 0.9210673593322503
0.4220368662398568 0.6852700902353918 0.8469088461355628
0.8387677858221511 0.09286882552760667 0.2603157630415286
0.41025802046110393 0.8578243595729985 0.2767425293162503
0.11373891459151042 0.3753484507964998 0.21388582361821773
0.7162366348291398 0.5875095158691588 0.052498954158468725
0.8774303781577201 0.44055508995426507 0.7768870405145091
0.16532070473240057 0.3079171627942351 0.07332629323159812
0.3949907220782418 0.42891036601263643 0.6827962907228684
0.4795878543375367 0.40051186552948925 0.4779619809775836
0.2812604054175517 0.36952543746848865 0.6004937465971849
0.20606798059479603 0.5188643261507528 0.929672685027304
0.45741745683388324 0.6683105116667378 0.659843191715288
0.8013451680214587 0.72555037936488 0.6607070326757426
0.10371082296156531 0.3666337502674558 0.7940603902624188
0.06519273606004916 0.140017657639388 0.9053601689290057
0.5880174661560316 0.9801687624222534 0.7535802629064867
0.9956779501561271 0.2986194989199198 0.6860565139581868
0.33058674307802494 0.9459701027837982 0.29378132941223756
0.19456632814676655 0.8142843600330181 0.27903465980652375
0.5340336612879176 0.6022037133872586 0.3396342434754338
0.33423486287865234 0.32106118245445525 0.26750379864093876
0.7596723476594016 0.5892297370920557 0.5482450583548587
0.8241385165248288 0.2571506080916056 0.13708330594430362
0.028379070718151822 0.037353952710616034 0.9906762245601041
0.9738146901779593 0.666599759122798 0.9906604238823697
0.5156525027411268 0.43455539575769053 0.5152842321063046
0.0689968455140697 0.7595807906796767 0.3051615227865051
0.6980804464635962 0.9095026968405713 0.2195990931074855
0.5043762779449856 0.6531418033725553 0.8109583259981676
0.6827514215189925 0.3310913731348415 0.5641798319638229
0.1625342926232617 0.4994160285960556 0.9400480737966925
0.9501826986053399 0.13993868140764443 0.5323137836354301
0.6198618119078443 0.14553190418628326 0.9489909622021919
0.24328573561205935 0.1642501049788817 0.5064316299143288
0.5050036064635829 0.7734483733263157 0.8531773152859777
0.326503166026786 0.7082273066030744 0.5617224169237225
0.5350812271995034 0.5991991597730171 0.44633775979940926
0.3717037295452331 0.9297231835805264 0.7628990548888642
0.6758695200711056 0.8863110992657115 0.604042251497186
0.07090205933271287 0.2279230104629325 0.8030202850564597
0.34618632450534537 0.939619843075126 0.6890522969448506
0.379786749108011 0.49278592301316826 0.05244756512223936
0.4480756432264197 0.08017791679759956 0.2931640477955114
0.9292915116273228 0.14789399866873065 0.6769173499576406
0.6507889124902234 0.6930677293557751 0.7944700794652206
0.864256141615212 0.35660869323785926 0.37141155760736033
0.17404943015176322 0.6394244880811022 0.2122707201192704
0.19644951697371693 0.9900923118379258 0.6204216744570211
0.7306470434476072 0.5018555817777155 0.1325004225542018
0.9101820979619671 0.6512464042247909 0.04950931622445931